/home/fermin/signalMutationalScrap/app/integrations/cache/DO35922.csv