/home/fermin/signalMutationalScrap/app/integrations/cache/DO50848.csv