/home/fermin/signalMutationalScrap/app/integrations/cache/DO51088.csv