/home/fermin/signalMutationalScrap/app/integrations/cache/DO51509.csv